% -------------------------------------------------------------------
%  Generated by MATLAB on 14-May-2024 22:42:37
%  MATLAB version: 9.14.0.2206163 (R2023a)
% -------------------------------------------------------------------
                                 

centralDiffh4 = 0.50000000000235034;

error = 0.28539816339509794;

h = 1E-5;

trueValue = 0.78539816339744828;

x = 1;

